0111111111101000111010001010000000011010001100110101111100011001111011000110001001111100000011101001110010000011001100010000001010011111000001001000011101101111110000011110111101001000100111001011011011001111000101000111001110000011000101010000111010001111
0001100010110001101100011110011010011101100100011100101111010101101000000001111001111011110101101101110000010000111010010111100110101001100010000111100101100011100100000010000100101010110011101010111111100101111000011010000101100110111111001001110100001111
0101010100001111010001000010101111000010110110101011001111100111101110100000011010111110111010100110001110101101010000010010111010001111111100000111110010011110100010101100000010111110000100000100110101010110000100110010110000001111000110100001011010000111
0000111001011001111011110111111110110111010010110011100001011110010100100101001001100011111000001001111100100011111101011110000111000010100110011110100111010001101111111001001111110100110001011001011110001111100000101101011001000011110010110110101110001001
0001111001101010001001001111011111001010101111010001100110001101111110000100111110111110110000110101011001010110111010010111110111010010101101001010111001011010100010011111101011000000110110110000110111000000001111100001000001000010001000100110100010011111
0011011001010110011111010010100011101000000110101001000101011001011000011100010001100101110011100010001101001011011001111000010000001000001101100110010110110000100001111110010110011101111011110101011010010000001101111111000110101101101101110111100001110010
0100111100111010001000010100111000010000110100000010101110101001011001010111010110011000100011000100001101101000000111101101110101101110111001010001111100110011110100111101100110011110011101011100011001101100101101000010001010101011111110010001001011010111
0010000001110100100011010101101010001101101101010100101110101100101110101101010111111101110000011100100110001010011000010111000101111110101110011011000011000010111001001010001011110000110101010110001001001001111101001100101111001101000010001111001101011001
0111100010000110111100101100000001001011101100111101001001010100010010111001110101110011000110011001111110001000001100111111000011111101010001010010110011011001110011100010010100010110100001110111010000110110011111000111011011000011000100010010111000000110
0100101111000010001001010010001101111001001001110000110010001000011001000010001100001010001101000110011110010110011101011101010001110001010000110010011000001101111111111010111101000001011011111110110001110011010001110100000110001001101100001001011100000101
0111011011101011001000010001100111010110111011100001100001010010101100110100100110101011011101111011011001001000010011101100000001100010101000000100001100000101011101011111111101101010100001000011000000010101010111110000100011010101110110001000110010110110
0100010000111100001010001110011110010101000011110111100000111100100011101100010010000100011100000011111000100100000100001011100000011001010101101101011111111111110011100100011100011000110001101100010010001100000010010100111101101000011110111001000011111110
0101100000010000001010100010111111000000001111100101110100111100000101010011100110010111100010101010011000100011010001111111001111100010011110011011011101010101001101111010101001111001001100001111101111001111101100110101001110101111010110111111010000100101
0111000000101110100100111110011000000011000000100100111101100000101111000000001110011111111010011110011001101111000100100011110100011000100111000111011111010100011010011010010001111000110100011111011110101001000101011101110000010111110101001110111010001111
0000110111000010111010100000111001010010111101010110110011101100001001001011011111110001100100001101001110001100111011110001111001001011111101000101101111110101011110101101100100001111100100001011101111010111010010010011101111000100111010110110101011100011
0100000100111011011011001101101110100110011101010000101110100101110000110100111011101111010110100011010001100110101000100001011001110110100111000111100001111111111100001000100001010001001110011010000101000010000001010111000110011010101101110011001110010100
0010101010000111001001000011100100100101001111011110000101100100011111000000010110100110100111000111010011100010101110010100010110010010000101111000001001110000110011110010100011011100001001001110111110101001001110111010000001000000101101000010000101111111
0000110011101011001000001101101001110001001110010001000000110000001011101001101100000001010101110111110001000011011011010110010110110010001100101100010001100001111110101110011011000010111110100011111100111111001011101010001011111111111101000001001101101111
0010000011110110010011001110001110011110100111000100011010001100010111100111100001001100001110000111110101110001101101101111111110110010111001001000111010000010111010001011101111101111110001011001000011001001000101100010101000100000000100010101101100000111
0100001101010011111101000110111010111011001111011001101110100101011001110100100101010110000010100001110100010010010001010111001111011111100100110011011100010100100001100011100000101011110010010011110010011001011011000010001010101110000010111111001010001010
